,Year,Revenue,Saved in kg
0,2009.0,30495.89478828854,
1,2010.0,35446.173635232415,
2,2011.0,41476.56432472802,96.97508151148448
3,2012.0,46141.72844524347,218.26934864488632
4,2013.0,48041.11996594191,267.65352818304564
5,2014.0,47671.98744651799,258.05608267802387
6,2015.0,46535.52633388368,228.50809374953178
7,2016.0,45438.20204189395,199.97766215779876
8,2017.0,43847.065243000485,158.6081053865687
9,2018.0,40976.45468866567,83.97223097386343
10,2019.0,37293.96206172178,
11,2020.0,34646.546003626674,
12,2021.0,34773.47615876709,
13,2022.0,37746.75349736323,
